4.800 4.420 4.300 4.260 4.205 4.185 4.345 4.535 4.560 4.440 4.525
4.380 4.290 4.295 4.635 4.420 4.400 4.535 4.205 4.645 4.830 4.395
4.330 4.190 4.870 4.540 4.495 4.320 4.520 4.445 4.645 4.800 4.740
4.310 4.280 4.700 4.540 4.795 4.485 4.730 4.600 4.645 4.840 4.700
4.490 4.585 4.675 4.640 4.905 4.590 4.320 4.840 4.690 4.505 4.355
4.380 4.890 5.045 4.755 4.760 4.670 4.900 4.455 4.360 4.305 4.515
4.440 4.740 5.025 4.420 4.525 4.500 4.340 4.395 4.365 4.290 4.345
4.455 4.675 4.860 4.605 4.230 4.800 4.360 4.355 4.625 4.490 4.440
4.540 4.545 4.430 4.300 4.255 4.285 4.235 4.270 4.305 4.210 4.305
4.500 4.865 4.135 4.535 4.580 4.500 4.310 4.025 4.340 4.155 4.295
4.235 4.330 4.325 4.295 4.120 4.435 4.300 4.370 4.475 4.645 4.155

